15094070
15094071
15094073
15095016
15095017
15095018
15095019
15095021
15095046
15095047
15095048
15095049
15095050
15095051
15095052
15096018
15096019
15096020
15096021
15096022
15096023
15096024
15096050
15096059
15097005
15098029
15098035
15101020
15107008
15107009
15107010
15107011
15107013
15107014
15107015
15107087
15107088
15107089
15107090
15108001
15108016
15108017
15108018
15108019
15108022
15108023
15108024
15108025
15108027
15108028
15109006
15109007
15109008
15109009
15109010
15109011
15109012
15109013
15109038
15109039
15109040
15109041
15109042
15109043
15109045
15109046
15110008
15110009
15110010
15110011
15110012
15110013
15110031
15110032
15110033
15110034
15110035
15112005
15112006
15112007
15112028
15112029
15112030
15112031
15113001
15114053
15114054
15114055
15114056
15114057
15114058
15115085
15115086
15115087
15115088
15116039
15116040
15116041
15116042
15117003
15117004
15117005
15117066
15117067
15117068
15117069
15117070
15118019
15118020
15118021
15118022
15118023
15118024
15119011
15119012
15119013
15119014
15119015
15119035
15119036
15119065
15120001
15120002
15120004
15120005
15120006
15120007
15120008
15120009
15120011
15121006
15121007
15121008
15121009
15121012
15121013
15121015
15121016
15121017
15121018
15121062
15121077
15121078
15122003
15122004
15122006
15122008
15122010
15122011
15122042
15122043
15122044
15122045
15122049
15123009
15123010
15123011
15123027
15123028
15123035
15123036
15123037
15124006
15124008
15124010
15124040
15124041
15124042
15124043
15124044
15124063
15125001
15125002
15125003
15125007
15126017
15126018
15126019
15126022
15126023
15126051
15126052
15126053
15126054
15127013
15128029
15128030
15128031
15128032
15128033
15129009
15129010
15129011
15129012
15129013
15129014
15129015
15129016
15129017
15129018
15129022
15130007
15130008
15130009
15130011
15130045
15130046
15130047
15130048
15131012
15131013
15131014
15131050
15131051
15131052
15131053
15132019
15132035
15132036
15132037
15132038
15133018
15133019
15133020
15133021
15134008
15134009
15134010
15136013
15136014
15136015
15136016
15136017
15137038
15138074
15138075
15139023
15139024
15139025
15139026
15140004
15140005
15140006
15140007
15140029
15140030
15140031
15140032
15140034
15140035
15140036
15140037
15141004
15141006
15141007
15141010
15141011
15141012
15141013
15142021
15142022
15142025
15143037
15143038
15143039
15143040
15144013
15144014
15144015
15144017
15144018
15144054
15144056
15144058
15144060
15145022
15145023
15145024
15146020
15146023
15146025
15146026
15146059
15146060
15146061
15146062
15147009
15147010
15147011
15147012
15147013
15147014
15147015
15150059
15150060
15150061
15150063
15150064
15151019
15151020
15151021
15151022
15151023
15151024
15151050
15151051
15151052
15151053
15151054
15151055
15151056
15152015
15152016
15152017
15152018
15152020
15152050
15152051
15152052
15152053
15152054
15153014
15153015
15153017
15153018
15153019
15153022
15153052
15153053
15153054
15153055
15153056
15153057
15153058
15154001
15154002
15154003
15154021
15154022
15154023
15154024
15156019
15156020
15156021
15156022
15156023
15156024
15157022
15157023
15157024
15157025
15157028
15157059
15157060
15157061
15158001
15158028
15158029
15158031
15158032
15158033
15158034
15158035
15158036
15158037
15158038
15158039
15158040
15158062
15158063
15158064
15158070
15159001
15159002
15159003
15159004
15159005
15159006
15159007
15159008
15159009
15159021
15159024
15159025
15159026
15159027
15159028
15159029
15159030
15159031
15159032
15159033
15159034
15159035
15159036
15159045
15159046
15159049
15159051
15159054
15159055
15160001
15160002
15160003
15160004
15160005
15160006
15160007
15160033
15160034
15160035
15160036
15160037
15160038
15160039
15160040
15160041
15160042
15160043
15160044
15160045
15160046
15160047
15160048
15161005
15161006
15161007
15161008
15161009
15161010
15161011
15161012
15161013
15161014
15161015
15161016
15161017
15161018
15161019
15161020
15161021
15161022
15161051
15161056
15161059
15161060
15161061
15161062
15161063
15161064
15161065
15161066
15161067
15161068
15161069
15161070
15161071
15161072
15162001
15162015
15162016
15162017
15162018
15162019
15162020
15162021
15162022
15162023
15162024
15162025
15162026
15162027
15162028
15162029
15162030
15162031
15162032
15162047
15162048
15162049
15162050
15162051
15162053
15162054
15162055
15163001
15163002
15163003
15163004
15163005
15163006
15163007
15163008
15163009
15163010
15163022
15163023
15163024
15163025
15163026
15163027
15163028
15163029
15163033
15163034
15163035
15163054
15163055
15163056
15163057
15163058
15163059
15163060
15163061
15163062
15164001
15164002
15164003
15164033
15164036
15164037
15164039
15164040
15164041
15164042
15164043
15164044
15164045
15164046
15164047
15164048
15164049
15164067
15164068
15164069
15164070
15164071
15165001
15165002
15165003
15165026
15165027
15165028
15165029
15165031
15165034
15165035
15165036
15165037
15165038
15165039
15165040
15165041
15165042
15165043
15165044
15165045
15165046
15165047
15165056
15165057
15165058
15165059
15166004
15166005
15166006
15166007
15166008
15166009
15166010
15166014
15166015
15166016
15166017
15166029
15166030
15166031
15166032
15166033
15166034
15166035
15166036
15166037
15166038
15166039
15166040
15166041
15166042
15166043
15166044
15166045
15166046
15166047
15167008
15167009
15167011
15167012
15167013
15167014
