16069054
16079032
16081022
16081057
16082022
16082023
16082039
16082040
16082042
16082049
16082052
16082053
16086001
16086002
16086004
16086007
16086008
16086024
16086025
16086026
16086029
16086027
16087001
16087002
16087003
16087006
16087008
16087009
16087007
16087010
16087018
16087005
16086030
16086038
16086041
16086050
16086051
16086054
16089005
16086036
16086037
16086040
16086053
16086042
16089014
16087052
16087050
16087049
16087048
16087045
16087044
16087043
16088013
16087041
16087042
16087046
16088018
16088015
16088017
16088019
16088021
16088022
16087025
16087027
16087029
16088025
16088023
16087024
16087026
16087032
16087020
16087028
16087031
16087055
16087051
16087053
16087054
16089004
16088020
16088030
16089003
16088001
16088028
16088031
16088039
16088041
16088042
16088043
16088045
16088046
16088048
16088050
16089002
16089016
16089019
16087019
16088026
16088027
16088029
16088040
16088044
16089017
16086034
16088047
16088049
16089001
16089020
16086032
16086033
16086039
16086031
16086035
16087030
16087033
16089024
16086052
16089041
16089043
16089029
16089045
16089051
16089048
16090019
16089047
16089054
16089042
16089049
16089030
16089031
16092017
16092018
16092020
16092022
16092023
16092031
16092033
16092034
16092037
16092042
16092044
16092048
16092049
16092050
16092052
16092053
16092054
16092063
16092065
16092066
16092067
16092070
16092071
16093003
16092064
16093004
16092068
16093002
16093016
16093011
16093012
16092069
16093014
16093013
16093010
16065005
16065006
16065014
16065017
16065024
16065026
16065027
16065036
16065038
16065044
16065046
16065072
16066002
16066004
16066006
16066007
16066015
16066016
16066017
16066033
16066035
16066049
16066051
16066053
16066055
16067015
16067021
16067039
16067040
16067043
16068001
16068008
16068012
16068014
16068016
16068018
16068022
16068025
16068029
16068032
16068038
16068055
16068058
16069002
16069011
16069027
16069029
16069035
16069040
16069053
16069055
16069060
16069062
16070003
16070004
16070005
16070006
16070009
16070012
16070013
16070039
16085065
16085067
16085072
16085073
16085074
16085062
16093001
16065003
16065008
16065023
16065048
16066027
16066050
16066060
16068005
16068037
16069009
16069037
16093017
16093018
16064079
16065007
16065009
16065010
16065013
16065037
16066001
16066003
16066008
16066009
16066020
16066047
16066054
16067005
16067013
16067017
16067022
16067042
16068015
16068024
16068030
16068034
16068039
16068056
16068057
16069005
16069007
16069008
16069010
16069012
16069025
16069026
16069030
16069033
16069036
16069039
16069063
16069064
16069065
16069066
16082025
16082046
16082047
16082048
16082050
16082054
16082055
16082056
16082057
16083008
16083014
16083015
16083016
16083017
16083018
16083041
16083042
16083043
16083045
16083046
16083048
16083049
16083050
16083052
16083053
16083055
16083057
16083058
16083059
16083060
16084004
16084006
16084007
16084008
16084009
16084011
16084012
16084013
16084014
16084015
16084016
16084018
16085005
16085006
16085008
16085009
16085011
16085012
16085013
16085014
16085023
16085024
16085025
16085026
16085027
16085028
16085029
16085030
16085031
16085033
16085035
16085036
16085037
16085051
16085055
16085056
16085058
16085061
16085069
16084005
16085007
16085032
16085052
16085053
16085054
16085057
16081036
16087021
16087022
16087047
16088016
16090015
16090016
16090017
16090020
16090021
16090022
16090023
16090024
16090025
16090044
16092019
16092021
16092035
16092036
16093015
16083004
16083019
16083056
16083005
16090003
16087004
16089026
16089027
16089028
16089044
16089046
16089050
16089052
16089053
16090001
16090002
16090018
16079014
16079015
16081003
16081012
16081013
16081015
16081016
16081017
16081019
16081020
16081021
16081025
16081061
16082001
16082012
16082013
16082018
16082019
16082028
16082041
16083003
16090004
16090005
16065016
16065039
16069049
16072033
16072034
16072057
16072058
16072059
16072060
16072061
16072062
16073001
16073013
16073018
16073019
16073029
16073031
16073032
16073033
16073034
16073035
16073037
16073038
16073039
16073040
16073045
16073049
16073050
16077021
16077031
16077032
16077043
16077046
16077054
16077055
16078001
16078003
16078004
16078005
16078006
16078007
16078028
16078029
16078031
16078033
16078034
16078035
16078036
16078055
16078056
16079019
16081001
16081024
16081037
16081048
16081049
16081050
16081052
16081053
16081054
16081055
16081056
16081058
16081059
16082002
16082011
16082017
16082027
16082043
16082045
16082051
16083006
16083007
16083009
16083010
16083011
16083012
16083013
16085071
16086003
16086006
16086028
16087011
16087023
16078039
16078040
16079017
16079018
16079021
16089015
16089018
16085034
